folding plan OrigamiDrag
number_of_points: 29
number_of_creases: 28 
point_coordinates: 
6 6 18
10.2672 6 18
10.1602 6.94954 18
9.84461 7.85147 18
9.33623 8.66056 18
8.66056 9.33623 18
7.85147 9.84461 18
6.94954 10.1602 18
6 10.2672 18
5.05046 10.1602 18
4.14853 9.84461 18
3.33944 9.33623 18
2.66377 8.66056 18
2.15539 7.85147 18
1.83979 6.94954 18
1.7328 6 18
1.83979 5.05046 18
2.15539 4.14853 18
2.66377 3.33944 18
3.33944 2.66377 18
4.14853 2.15539 18
5.05046 1.83979 18
6 1.7328 18
6.94954 1.83979 18
7.85147 2.15539 18
8.66056 2.66377 18
9.33623 3.33944 18
9.84461 4.14853 18
10.1602 5.05046 18

crease_indices: 
0 1	
0 2	
0 3 	
0 4	
0 5
0 6
0 7
0 8
0 9
0 10
0 11
0 12
0 13
0 14
0 15
0 16 
0 17
0 18
0 19
0 20
0 21
0 22
0 23
0 24
0 25
0 26
0 27
0 28

angles: 
-2.3562 
2.3562
-2.3562 
2.3562
-2.3562 
2.3562
-2.3562 
2.3562
-2.3562 
2.3562
-2.3562 
2.3562
-2.3562 
2.3562
-2.3562 
2.3562
-2.3562
2.3562
-2.3562
2.3562
-2.3562
2.3562
-2.3562
2.3562
-2.3562
2.3562
-2.3562
2.3562

folding plan AlignDrag 
6 6 18 0 0 -1

folding plan RelaxDrag
1 
