folding plan OrigamiDrag
number_of_points: 17
number_of_creases: 16
point_coordinates: 
0.5 0.5 0.5
0.85 0.5 0.5
0.823358 0.633939 0.5
0.747487 0.747487 0.5
0.633939 0.823358 0.5
0.5 0.85 0.5
0.366061 0.823358 0.5
0.252513 0.747487 0.5
0.176642 0.633939 0.5
0.15 0.5 0.5
0.176642 0.366061 0.5
0.252513 0.252513 0.5
0.366061 0.176642 0.5
0.5 0.15 0.5
0.633939 0.176642 0.5
0.747487 0.252513 0.5
0.823358 0.366061 0.5

crease_indices: 
0 1
0 2
0 3
0 4
0 5
0 6
0 7
0 8
0 9
0 10
0 11
0 12
0 13
0 14
0 15
0 16

angles: 
-3.0980
2.3562
-3.0980
2.3562
-3.0980
2.3562
-3.0980
2.3562
-3.0980
2.3562
-3.0980
2.3562
-3.0980
2.3562
-3.0980
2.3562

folding plan AlignDrag 
0.5 0.5 0.5 0 0 -1

folding plan RelaxDrag
1
